[0m [38;2;0;0;0m                            [7m[38;2;179;179;179m▌[0m[38;2;56;56;56;48;2;204;204;204m▆[38;2;195;195;195;48;2;89;89;89m▚[0m [38;2;89;89;89m                           [0m
 [38;2;0;0;0m                            [38;2;57;57;57;48;2;155;155;155m╶[38;2;58;33;24;48;2;26;26;26m▂[38;2;38;36;35;48;2;131;131;131m▇[38;2;166;166;166;48;2;44;44;44m▚[0m[38;2;143;143;143m▂             [0m [38;2;193;193;193m▃[38;2;145;145;145m▃          [0m
 [38;2;0;0;0m               [38;2;144;144;144m▗[38;2;203;203;203;48;2;75;75;75m╼[0m[38;2;201;201;201m▅[38;2;151;151;151m▅[38;2;92;92;92m▆[38;2;156;156;156m▄[38;2;233;233;233m▂[0m [38;2;109;109;109m    [7m[38;2;179;179;179m▋[0m[38;2;202;202;202;48;2;94;59;47m▘[38;2;227;108;65;48;2;116;56;35m▆[38;2;224;106;63;48;2;78;42;29m▆[38;2;233;110;66;48;2;69;41;31m▆[38;2;68;41;32;48;2;199;126;100m╺[0m[38;2;152;134;128m▆[38;2;178;178;178m▖  [0m  [38;2;235;235;235m▂[38;2;197;193;192m▃[38;2;177;173;172m▃[38;2;171;171;171m▃[38;2;165;165;165m▄[38;2;123;123;123m▆[38;2;97;97;97m▇[38;2;38;38;38;48;2;221;221;221m▆[38;2;60;60;60;48;2;30;30;30m▁[0m[38;2;163;163;163m▊          [0m
 [38;2;0;0;0m              [38;2;207;207;207m▗[7m[38;2;199;194;190m▘[0m[38;2;224;214;208;48;2;84;84;83m▄[38;2;223;213;206;48;2;112;111;110m▄[38;2;212;203;196;48;2;65;65;65m▅[38;2;224;214;207;48;2;50;49;49m▃[38;2;217;207;200;48;2;80;79;78m▅[38;2;143;140;137;48;2;230;220;213m▝[38;2;90;88;88;48;2;202;196;193m╺[0m[38;2;169;168;167m▅[0m [38;2;108;108;108m [38;2;180;180;180m▁[7m[38;2;156;156;156m▘[0m[38;2;28;28;28;48;2;175;82;48m▏[38;2;82;43;27;48;2;240;113;68m▂[38;2;40;28;24;48;2;239;113;68m▂[38;2;28;25;25m▂[38;2;96;53;38m▂[38;2;166;81;51;48;2;212;100;60m╱[38;2;225;225;225;48;2;139;116;107m┗[0m[38;2;226;226;226m▅[38;2;184;166;160m▇[38;2;134;94;80;48;2;214;156;135m┉[38;2;219;99;55;48;2;207;139;115m┑[38;2;200;99;63;48;2;186;176;174m▇[38;2;238;225;217;48;2;141;83;61m▁[38;2;232;221;213;48;2;76;53;44m▃[38;2;225;215;207;48;2;35;29;27m▅[38;2;249;237;229;48;2;49;47;47m▅[38;2;237;226;218;48;2;25;25;25m▇[38;2;205;195;188m▇[38;2;142;142;142;48;2;46;44;43m▗[0m[7m[38;2;155;155;155m▗[0m [38;2;8;8;8m          [0m
 [38;2;0;0;0m              [38;2;195;195;195m▝[38;2;92;89;87;48;2;149;148;147m▝[38;2;91;88;86;48;2;218;215;213m▎[38;2;254;254;254;48;2;202;199;197m╴[38;2;62;61;61;48;2;234;222;215m▄[38;2;178;167;160;48;2;213;203;196m╶[38;2;148;141;137;48;2;205;194;187m╵[38;2;136;124;116;48;2;231;219;212m╴[48;2;249;237;229m [38;2;127;123;120;48;2;238;226;219m▝[38;2;80;51;40;48;2;190;190;190m▆[38;2;122;61;38;48;2;200;200;200m▄[38;2;168;85;55;48;2;198;198;198m▆[38;2;234;110;65;48;2;101;73;64m▆[38;2;243;115;69;48;2;231;109;65m╴[48;2;180;86;53m▇[38;2;190;89;52;48;2;221;104;62m╶[38;2;236;111;66;48;2;112;57;37m▆[38;2;243;115;69;48;2;240;113;68m╴[48;2;230;109;66m╴[38;2;224;106;63;48;2;147;82;59m╴[38;2;175;86;54;48;2;187;173;169m▇[38;2;243;115;69;48;2;238;112;67m╴[48;2;243;115;69m [38;2;140;86;66;48;2;223;122;85m┎[38;2;240;226;218;48;2;203;134;108m▆[48;2;249;237;229m    [38;2;160;130;118;48;2;247;235;227m▗[38;2;187;144;127;48;2;153;89;66m▎[0m[7m[38;2;173;165;163m▗[0m[38;2;32;32;32m            [0m
 [38;2;0;0;0m               [7m[38;2;194;194;194m▎[0m[38;2;34;34;34;48;2;237;237;237m▎[38;2;88;88;88;48;2;192;192;192m╱[38;2;237;237;237;48;2;53;53;53m▇[38;2;95;95;95;48;2;196;195;194m▊[38;2;132;128;125;48;2;213;211;210m╵[38;2;30;30;30;48;2;192;186;182m▗[38;2;70;67;66;48;2;223;212;204m▖[38;2;141;133;128;48;2;247;235;227m▝[38;2;133;76;55;48;2;208;136;109m▚[38;2;238;112;67;48;2;243;115;69m▁   [38;2;234;110;66;48;2;235;117;75m┊[38;2;240;236;235;48;2;221;115;76m▂[38;2;241;240;239;48;2;211;115;81m▄[38;2;127;127;127;48;2;216;169;152m▁[38;2;30;30;30;48;2;199;127;102m▗[38;2;56;37;31;48;2;241;114;68m▃[38;2;243;115;69;48;2;234;110;66m╴[48;2;243;115;69m  [38;2;146;86;65;48;2;227;125;88m╹[38;2;187;102;70;48;2;239;223;214m▖[48;2;249;237;229m  [38;2;249;237;229;48;2;248;236;228m╴[38;2;205;118;85;48;2;237;221;211m▗[38;2;202;95;56;48;2;203;120;90m╴[38;2;176;97;69;48;2;207;205;204m▘[0m[38;2;209;209;209m▇[38;2;207;207;207m▇[38;2;206;206;206m▇[38;2;195;195;195m▇[38;2;162;162;162m▆[38;2;190;190;190m▆[38;2;170;170;170m▅[38;2;202;202;202m▃[0m [38;2;108;108;108m    [0m
 [38;2;0;0;0m               [38;2;238;238;238m▝[7m[38;2;156;156;156m▃[0m  [38;2;102;102;102;48;2;207;207;207m┡[38;2;106;105;105;48;2;230;230;230m▗[38;2;113;112;112;48;2;36;36;36m▏[48;2;25;25;25m [38;2;182;174;168;48;2;41;41;40m▝[38;2;63;61;60;48;2;226;215;208m▂[38;2;225;206;196;48;2;208;117;83m▆[38;2;224;203;193;48;2;222;106;64m▃[38;2;165;133;119;48;2;232;113;70m▁[38;2;243;115;69;48;2;240;113;68m╴[38;2;192;185;181;48;2;214;101;61m▝[38;2;207;99;60;48;2;234;233;233m▅[38;2;191;103;71;48;2;227;227;227m▆[38;2;137;137;137;48;2;143;73;48m▝[38;2;179;134;118;48;2;70;42;32m▍[38;2;30;27;25;48;2;130;130;130m▊[38;2;74;55;48;48;2;227;107;64m▊[48;2;243;115;69m   [38;2;93;48;32;48;2;234;138;103m┖[38;2;181;113;89;48;2;249;237;229m▃[38;2;92;59;47;48;2;231;173;150m─[38;2;217;142;114;48;2;200;119;90m▌[38;2;145;92;73;48;2;227;175;156m┘[38;2;248;247;246;48;2;182;156;147m▇[48;2;254;254;254m    [38;2;209;209;209;48;2;250;250;250m╻[38;2;134;134;134;48;2;251;251;251m▁[38;2;247;247;247;48;2;163;163;163m▇[38;2;248;248;248;48;2;168;168;168m▆[38;2;126;126;126;48;2;217;217;217m╶[38;2;196;196;196;48;2;169;169;169m╶[0m[38;2;254;254;254m▖   [0m
 [38;2;0;0;0m                   [38;2;213;213;213m▝[38;2;201;201;201m━[7m[38;2;210;210;210m▃[0m[38;2;194;194;194;48;2;70;70;70m▅[38;2;139;139;139;48;2;30;30;30m▖[48;2;25;25;25m [38;2;27;27;27;48;2;78;75;72m▇[38;2;37;36;36;48;2;223;212;205m▆[38;2;50;49;48;48;2;230;219;211m▄[38;2;58;56;55;48;2;209;187;176m▂[38;2;223;213;206;48;2;172;90;62m▅[38;2;119;114;110;48;2;235;171;145m┅[38;2;142;113;102;48;2;236;164;137m╾[38;2;249;237;229;48;2;212;113;77m▂[38;2;147;71;46;48;2;212;135;107m─[38;2;208;150;128;48;2;161;79;50m▆[38;2;237;112;67;48;2;130;90;76m━[38;2;188;108;79;48;2;238;112;67m▁[48;2;243;115;69m [48;2;242;114;68m [38;2;78;43;30;48;2;224;105;62m╺[38;2;143;135;133;48;2;152;76;49m▗[38;2;249;249;249;48;2;164;118;102m▄[38;2;250;250;250;48;2;180;165;161m▇[48;2;254;254;254m  [38;2;149;149;149;48;2;252;252;252m╺[38;2;177;177;177;48;2;239;239;239m╸[38;2;123;123;122;48;2;230;230;230m╻[38;2;254;254;254;48;2;218;218;218m╴[38;2;127;127;127;48;2;225;225;225m╺[38;2;181;181;181;48;2;242;242;242m▏[38;2;131;131;131;48;2;222;222;222m▁[38;2;145;145;145;48;2;249;249;249m▁[38;2;227;227;227;48;2;202;202;202m┊[38;2;75;75;75;48;2;191;191;191m╱[0m[7m[38;2;228;228;228m▝[0m[38;2;90;90;90m   [0m
 [38;2;0;0;0m   [38;2;188;188;188m▁[38;2;254;254;254m▁▁[38;2;190;190;190m▁           [0m [38;2;181;181;181m▂[38;2;193;193;193m▄[38;2;179;179;179m▆[38;2;185;185;185;48;2;214;214;214m╴[38;2;148;148;148;48;2;194;194;194m┋[38;2;187;187;187;48;2;45;45;45m▆[38;2;219;219;219;48;2;56;56;56m▖[38;2;197;197;197;48;2;25;25;25m▁[38;2;25;25;25;48;2;27;27;27m╴[48;2;25;25;25m [38;2;26;26;26;48;2;117;113;109m▇[38;2;25;25;25;48;2;168;160;155m▆[48;2;242;230;223m▆[48;2;197;188;182m▆[38;2;173;164;158;48;2;47;45;44m▗[38;2;195;185;177;48;2;238;226;218m▏[48;2;249;237;229m [38;2;238;226;218;48;2;107;54;35m▌[38;2;126;65;43;48;2;236;111;67m▏[38;2;243;115;69;48;2;224;106;63m▉[38;2;140;140;140;48;2;165;88;60m╶[38;2;122;75;58;48;2;231;230;230m▘[48;2;254;254;254m   [38;2;92;92;92;48;2;248;248;248m▗[38;2;46;46;46;48;2;229;229;229m▅[38;2;82;82;82;48;2;251;251;251m▋[38;2;198;198;198;48;2;242;242;242m▏[38;2;140;140;140;48;2;248;248;248m╻[38;2;254;254;254;48;2;244;244;244m╴[38;2;250;250;250;48;2;211;211;211m╴[38;2;120;120;120;48;2;206;206;206m▂[38;2;128;128;128;48;2;197;197;197m▂[38;2;133;133;133;48;2;198;198;198m▁[0m[7m[38;2;223;223;223m▃[38;2;241;241;241m▇[0m[38;2;29;29;29m   [0m
[38;2;154;154;154m▆[38;2;63;61;59;48;2;169;164;162m╼[38;2;246;234;225;48;2;157;151;147m▃[38;2;242;228;219;48;2;160;157;155m▄[38;2;235;223;215;48;2;176;174;173m▅[38;2;233;220;211;48;2;128;128;128m▆[38;2;234;221;212;48;2;133;133;133m▆[38;2;237;226;218;48;2;150;148;146m▅[0m[38;2;213;204;198m▇[38;2;191;185;181m▆[38;2;203;203;203;48;2;62;59;57m━[0m[38;2;166;165;165m▄[38;2;160;160;160m▂[0m [38;2;28;28;28m  [0m [38;2;214;214;214m▃[38;2;196;196;196m▅[38;2;25;25;25;48;2;192;192;192m╶[38;2;153;153;153;48;2;209;209;209m╵[38;2;84;84;84;48;2;205;205;205m╶[38;2;198;198;198;48;2;228;228;228m╵[38;2;252;252;252;48;2;159;159;159m▆[38;2;254;254;254;48;2;249;249;249m╴[48;2;254;254;254m  [38;2;139;139;139;48;2;246;246;246m▗[38;2;151;151;151;48;2;26;26;26m▏[38;2;115;38;49;48;2;30;25;26m▁[38;2;206;52;76;48;2;25;25;25m▃[38;2;241;60;88;48;2;32;24;25m▃[38;2;191;52;73;48;2;40;27;29m▖[38;2;127;107;102;48;2;39;37;37m▁[38;2;127;118;113;48;2;244;232;223m▘[38;2;249;237;229;48;2;244;232;224m╴[38;2;127;96;84;48;2;225;213;205m▗[38;2;220;105;64;48;2;115;81;68m▅[38;2;243;115;69;48;2;240;113;68m╴[38;2;175;94;66;48;2;224;118;80m╻[38;2;239;238;238;48;2;144;81;59m▂[48;2;254;254;254m [38;2;31;31;31;48;2;217;217;217m╻[38;2;217;217;217;48;2;112;112;112m▊[38;2;91;91;91;48;2;207;207;207m▏[38;2;217;217;217;48;2;66;66;66m▅[38;2;209;209;209;48;2;25;25;25m▅[38;2;192;192;192;48;2;62;62;62m┓[38;2;25;25;25;48;2;177;177;177m▁[38;2;220;220;220;48;2;91;91;91m┛[38;2;116;116;116;48;2;251;251;251m▍[38;2;187;187;187;48;2;231;231;231m╵[38;2;254;254;254;48;2;132;132;132m▇[38;2;114;114;114;48;2;210;210;210m╶[0m[38;2;221;221;221m▊[0m [38;2;0;0;0m    [0m
[7m[38;2;173;173;173m▆[38;2;143;143;142m▄[38;2;165;160;157m▂[0m[38;2;47;46;45;48;2;206;196;189m┒[38;2;200;188;180;48;2;237;224;216m▖[38;2;249;237;229;48;2;248;236;228m╴[48;2;249;237;229m     [38;2;247;234;226;48;2;114;108;104m▇[38;2;240;228;220;48;2;119;116;114m▅[38;2;128;121;116;48;2;207;200;196m━[0m[38;2;149;146;143m▆[38;2;161;161;161m▆[38;2;220;220;220;48;2;155;155;155m▇[38;2;246;246;246;48;2;120;120;120m▆[48;2;253;253;253m [38;2;249;249;249;48;2;209;209;209m▆[38;2;254;254;254;48;2;232;232;232m╴[38;2;85;85;85;48;2;222;223;223m╼[38;2;77;77;77;48;2;230;230;230m▖[38;2;137;137;137;48;2;243;243;243m▗[38;2;91;91;91;48;2;252;252;252m▄[38;2;79;79;79;48;2;246;246;246m▂[38;2;44;42;42;48;2;211;211;211m▅[38;2;168;45;64;48;2;40;32;33m▂[38;2;230;59;86;48;2;77;30;37m▄[38;2;246;64;92;48;2;157;45;62m▇[38;2;250;66;94;48;2;249;65;93m╴[38;2;75;29;36;48;2;227;59;85m▗[38;2;178;169;164;48;2;72;43;46m▂[38;2;146;119;114;48;2;246;232;224m▘[48;2;249;237;229m [38;2;249;237;229;48;2;242;231;223m╴[38;2;25;25;25;48;2;169;162;157m┍[38;2;222;222;222;48;2;95;55;40m▃[38;2;176;176;176;48;2;174;93;64m▄[38;2;54;54;54;48;2;180;174;172m▂[38;2;63;63;63;48;2;207;207;207m─[38;2;74;74;74;48;2;197;197;197m┑[38;2;181;162;167;48;2;78;78;78m▆[38;2;184;148;156;48;2;29;29;29m▇[38;2;52;52;52;48;2;186;186;186m▆[38;2;26;26;26;48;2;145;145;145m▇[38;2;174;174;174;48;2;25;25;25m▂[38;2;150;150;150m▃[38;2;51;51;51;48;2;154;154;154m▋[38;2;253;253;253;48;2;172;172;172m▇[48;2;254;254;254m  [38;2;136;136;136;48;2;236;236;236m╷[38;2;115;115;115;48;2;231;231;231m─[38;2;127;127;127;48;2;238;238;238m▘[0m[7m[38;2;205;205;205m▝[0m [38;2;88;88;88m   [0m
 [38;2;0;0;0m [0m [38;2;161;161;161;48;2;67;66;65m▚[38;2;123;119;115;48;2;221;212;205m┓[38;2;217;203;194;48;2;244;231;223m▁[48;2;249;237;229m        [38;2;249;237;229;48;2;248;235;227m╴[38;2;242;229;221;48;2;125;118;113m▅[38;2;117;111;107;48;2;209;203;199m╾[38;2;127;126;125;48;2;243;243;243m▁[48;2;254;254;254m [38;2;254;254;254;48;2;235;235;235m╴[38;2;93;92;92;48;2;164;163;163m┫[38;2;25;25;25;48;2;220;220;220m▁[38;2;207;207;207;48;2;101;101;101m▗[38;2;235;235;235;48;2;154;153;153m▇[38;2;198;198;198;48;2;82;34;41m▎[38;2;232;58;85;48;2;64;30;35m▄[38;2;76;24;32;48;2;222;59;83m▁[38;2;61;29;34;48;2;239;62;89m▂[38;2;106;55;60;48;2;249;65;93m▄[38;2;102;78;79;48;2;235;60;86m▅[38;2;170;167;165;48;2;76;41;46m▁[38;2;200;200;199;48;2;67;67;66m▄[38;2;65;63;61;48;2;181;178;176m▂[38;2;48;48;48;48;2;175;171;168m▃[38;2;70;70;70;48;2;214;203;197m▆[38;2;84;84;84;48;2;166;158;154m▆[38;2;163;163;163;48;2;60;60;60m▖[38;2;155;155;155;48;2;55;55;55m╸[38;2;25;25;25;48;2;124;124;124m▅[38;2;39;39;39;48;2;212;212;212m▆[38;2;203;158;168;48;2;26;26;26m▇[38;2;135;135;135;48;2;230;144;164m▂[38;2;37;37;37;48;2;196;141;154m▁[38;2;49;49;49;48;2;189;174;177m▃[38;2;41;41;41;48;2;154;154;154m▅[38;2;77;77;77;48;2;202;202;202m▆[38;2;215;215;215;48;2;51;51;51m▃[38;2;237;237;237;48;2;25;25;25m▄[38;2;130;130;130m▖[38;2;28;28;28;48;2;159;159;159m▆[38;2;65;65;65;48;2;218;218;218m▖[38;2;128;128;128;48;2;246;246;246m╼[38;2;133;133;133;48;2;219;219;219m┙[38;2;250;250;250;48;2;179;179;179m▇[38;2;254;254;254;48;2;246;246;246m╴[38;2;96;96;96;48;2;254;254;254m▁[38;2;104;104;104;48;2;231;231;231m▂[0m[38;2;185;185;185m▆[38;2;120;120;120m▆[38;2;196;196;196m▅[0m
 [38;2;0;0;0m   [38;2;183;183;183m▝[38;2;69;69;69;48;2;180;174;169m╻[38;2;249;237;229;48;2;245;233;225m╶[48;2;249;237;229m         [48;2;248;236;228m [38;2;176;166;159;48;2;239;227;219m▝[38;2;71;68;67;48;2;200;193;188m╺[38;2;86;86;85;48;2;204;204;204m▂[38;2;120;119;118;48;2;209;202;197m┒[38;2;144;136;131;48;2;232;221;213m▂[38;2;204;195;189;48;2;161;161;161m▇[38;2;232;220;212;48;2;101;101;101m▅[38;2;243;230;222;48;2;37;28;29m▅[38;2;239;226;218;48;2;93;59;61m▅[38;2;230;218;210;48;2;89;71;70m▆[38;2;227;216;209;48;2;126;117;111m▇[38;2;129;119;113;48;2;242;230;222m▂[38;2;122;116;113;48;2;229;217;210m▖[38;2;96;94;92;48;2;179;174;171m╲[38;2;117;116;115;48;2;183;179;177m╲[38;2;238;227;219;48;2;161;153;148m▇[38;2;157;149;145;48;2;32;32;32m▖[38;2;25;25;25;48;2;113;113;113m▇[48;2;29;29;29m╴[38;2;29;29;29;48;2;134;134;134m▇[38;2;27;27;27;48;2;107;107;107m▅[38;2;184;184;184;48;2;42;42;42m╺[38;2;178;178;178;48;2;43;43;43m╸[38;2;47;47;47;48;2;144;144;144m▅[38;2;63;63;63;48;2;169;169;169m▇[38;2;130;130;130;48;2;27;27;27m▄[38;2;240;240;240;48;2;98;98;98m▆[38;2;254;254;254;48;2;244;244;244m╴[48;2;253;253;253m╴[48;2;254;254;254m  [38;2;244;244;244;48;2;56;56;56m▋[38;2;20;81;49;48;2;25;37;31m▁[38;2;191;191;191;48;2;252;252;252m▏[48;2;254;254;254m  [38;2;158;158;158;48;2;252;252;252m▗[38;2;62;62;62;48;2;216;216;216m▅[38;2;225;225;225;48;2;41;41;41m▅[38;2;254;254;254;48;2;208;208;208m╴[38;2;190;190;190;48;2;87;87;87m▂[38;2;112;112;112;48;2;25;25;25m▏[38;2;43;43;43;48;2;253;253;253m▌[0m
 [38;2;0;0;0m    [38;2;221;221;221m┗[38;2;129;124;121;48;2;188;180;174m┑[38;2;249;237;229;48;2;243;231;223m╶[48;2;249;237;229m           [38;2;187;177;171;48;2;25;25;25m▊[38;2;130;78;60;48;2;187;131;111m━[38;2;129;98;86;48;2;210;210;210m▖[38;2;252;252;252;48;2;35;35;35m▆[38;2;254;254;254;48;2;60;57;54m▆[38;2;210;204;202;48;2;100;93;88m▆[38;2;229;108;64;48;2;94;64;52m▃[38;2;230;109;65;48;2;61;59;58m▆[38;2;243;115;69;48;2;41;40;40m▆[38;2;214;101;61;48;2;67;50;44m▖[38;2;78;75;73;48;2;216;205;199m▏[38;2;164;156;151;48;2;215;204;197m╻[38;2;122;117;113;48;2;175;170;166m╲[38;2;25;25;25;48;2;144;140;138m▃[38;2;238;226;218;48;2;91;87;85m┓[48;2;25;25;25m [38;2;25;25;25;48;2;40;39;38m╴[38;2;239;227;219;48;2;56;54;53m▃[38;2;238;227;219;48;2;50;49;47m▅[38;2;249;237;229;48;2;57;55;53m▆[48;2;231;219;211m╴[48;2;228;218;211m╴[38;2;203;196;191;48;2;40;40;40m▊[38;2;182;182;182;48;2;25;25;25m▊[38;2;144;144;144;48;2;253;253;253m▏[48;2;254;254;254m   [38;2;121;137;128;48;2;251;251;251m▃[38;2;33;75;53;48;2;103;103;103m▇[38;2;16;160;85;48;2;26;27;26m▊[38;2;195;195;195;48;2;254;254;254m▏ [38;2;253;253;253;48;2;170;170;170m▉[38;2;156;156;156;48;2;54;54;54m▎[38;2;219;219;219;48;2;25;25;25m▆[48;2;68;68;68m▆[38;2;238;238;238;48;2;118;118;118m▆[38;2;233;233;233;48;2;70;70;70m▆[38;2;208;208;208;48;2;25;25;25m▆[38;2;95;95;95;48;2;239;239;239m▚[0m
 [38;2;0;0;0m     [7m[38;2;173;173;173m▌[0m[38;2;50;47;45;48;2;194;190;187m╺[38;2;102;96;93;48;2;240;228;219m▖[48;2;249;237;229m     [38;2;248;236;228m▁  [38;2;135;83;63;48;2;210;199;191m▗[38;2;111;78;66;48;2;204;125;96m┗[38;2;185;125;103;48;2;224;208;200m▁[38;2;93;76;69;48;2;240;113;68m▍[38;2;236;112;67;48;2;129;67;45m▇[38;2;197;197;197;48;2;132;77;57m▝[38;2;68;58;55;48;2;241;240;240m▄[38;2;158;122;110;48;2;190;98;65m▏[48;2;243;115;69m [38;2;241;114;68m▁[38;2;131;66;41;48;2;205;123;93m╺[38;2;122;82;66;48;2;225;214;207m▘[48;2;249;237;229m [38;2;249;237;229;48;2;123;117;113m▇[48;2;247;235;227m╴[38;2;242;231;223;48;2;53;51;50m▆[38;2;243;231;224;48;2;65;63;61m▆[38;2;239;227;219;48;2;25;25;25m▇[38;2;101;97;94;48;2;203;193;187m┚[48;2;249;237;229m     [38;2;48;48;47;48;2;179;173;169m┓[38;2;243;231;223;48;2;105;103;102m▆[38;2;136;131;129;48;2;223;223;223m▍[48;2;254;254;254m  [38;2;69;82;75;48;2;245;245;245m▗[38;2;22;65;43;48;2;28;102;63m╶[38;2;18;79;47;48;2;16;156;83m┛[38;2;209;209;209;48;2;53;127;88m▗[38;2;254;254;254;48;2;251;251;251m╴[48;2;254;254;254m [48;2;238;238;238m╴[38;2;87;87;87;48;2;217;217;217m▝[38;2;215;215;215;48;2;73;73;73m▃[38;2;42;42;42;48;2;235;235;235m▅[38;2;25;25;25;48;2;212;212;212m▄[38;2;53;53;53;48;2;195;195;195m▖[0m[7m[38;2;186;186;186m▗[0m [0m
 [38;2;0;0;0m   [38;2;212;212;212m▗[38;2;181;181;181m▆[38;2;150;150;150;48;2;209;209;209m┊[38;2;236;236;236;48;2;175;175;175m▇[38;2;254;254;254;48;2;224;223;223m╴[38;2;115;114;113;48;2;188;180;175m╻[38;2;174;163;156;48;2;243;231;223m▁[38;2;160;150;145;48;2;249;237;229m▗[38;2;157;148;141;48;2;245;232;224m▁[38;2;239;227;219;48;2;156;146;139m▉[38;2;102;63;49;48;2;177;129;109m▖[38;2;111;59;41;48;2;226;182;164m╴[38;2;128;93;79;48;2;217;176;159m┍[38;2;112;60;41;48;2;224;119;81m╹[48;2;243;115;69m [38;2;243;115;69;48;2;234;111;67m╴[38;2;241;114;68;48;2;159;80;51m▇[48;2;243;115;69m  [38;2;122;63;43;48;2;231;110;66m▝[38;2;73;44;34;48;2;201;96;59m╾[38;2;143;73;48;48;2;240;113;68m▂[38;2;69;53;49;48;2;203;145;122m╱[38;2;242;230;222;48;2;249;237;229m▏ [38;2;53;51;50;48;2;247;235;227m▁[38;2;168;93;66;48;2;240;228;220m▂[38;2;147;81;57;48;2;227;195;182m▗[38;2;139;133;129;48;2;218;206;199m╺[38;2;249;237;229;48;2;221;210;203m╴[38;2;237;225;218;48;2;178;170;164m▇[48;2;249;237;229m      [38;2;218;207;200;48;2;77;73;71m▋[38;2;116;115;114;48;2;177;173;170m╍[38;2;56;55;54;48;2;171;168;167m┨[48;2;254;254;254m  [38;2;249;249;249;48;2;177;177;177m▇[38;2;241;241;241;48;2;60;89;73m▅[38;2;254;254;254;48;2;65;110;86m▄[38;2;252;252;252;48;2;181;181;181m▇[38;2;208;208;208;48;2;247;247;247m▁[38;2;176;176;176;48;2;239;239;239m╴[38;2;254;254;254;48;2;251;251;251m╴[38;2;224;224;224;48;2;247;247;247m╶[38;2;182;182;182;48;2;216;216;216m┑[38;2;161;161;161;48;2;34;34;34m▇[0m[7m[38;2;140;140;140m▄[38;2;196;196;196m▆[0m [38;2;0;0;0m [0m
 [38;2;0;0;0m  [7m[38;2;179;179;179m▋[0m[38;2;102;102;102;48;2;209;209;209m╻[38;2;123;123;123;48;2;212;212;212m╱[38;2;254;254;254;48;2;249;249;249m╴[48;2;254;254;254m  [38;2;252;252;252;48;2;223;223;223m▉[38;2;181;181;181;48;2;89;65;56m▖[38;2;108;58;41;48;2;194;126;100m━[38;2;101;67;54;48;2;206;106;70m╹[38;2;130;79;60;48;2;184;110;82m┙[38;2;161;81;52;48;2;243;115;69m▏         [38;2;243;115;69;48;2;242;114;68m╴[48;2;140;71;47m▅[38;2;67;40;30;48;2;156;149;144m▆[38;2;125;65;43;48;2;201;181;171m▆[38;2;134;68;44;48;2;206;107;72m▂[38;2;106;54;38;48;2;236;113;68m▁[38;2;105;85;78;48;2;238;112;67m▂[38;2;146;118;107;48;2;198;114;84m▃[38;2;119;114;110;48;2;227;216;208m╸[38;2;147;140;136;48;2;232;221;214m╺[38;2;110;105;102;48;2;238;226;219m┅[38;2;67;65;63;48;2;203;193;187m╺[38;2;136;69;46;48;2;206;169;154m┓[38;2;182;145;130;48;2;221;186;170m╷[38;2;119;101;93;48;2;246;234;226m▂[38;2;89;85;82;48;2;249;237;229m▁[38;2;87;82;79;48;2;248;235;227m▁[38;2;106;101;98;48;2;225;213;205m▂[38;2;110;109;108;48;2;254;254;254m▍[38;2;254;254;254;48;2;246;246;246m▇[48;2;254;254;254m    [38;2;213;213;213;48;2;238;238;238m╷[38;2;188;188;188;48;2;231;231;231m╴[38;2;254;254;254;48;2;224;224;224m╴[38;2;191;191;191;48;2;252;252;252m╸[38;2;212;212;212;48;2;243;243;243m▁[0m[7m[38;2;208;208;208m▗[38;2;179;179;179m▅[0m [38;2;0;0;0m    [0m
 [38;2;0;0;0m  [7m[38;2;254;254;254m▋[0m[38;2;8;8;8;48;2;211;211;211m▍[38;2;214;214;214;48;2;251;251;251m▏[48;2;254;254;254m    [38;2;239;239;239;48;2;165;164;164m▇[38;2;116;82;70;48;2;218;126;94m┓[38;2;243;115;69;48;2;242;114;68m╴[48;2;243;115;69m          [38;2;143;70;44;48;2;241;114;68m▗[38;2;103;56;39;48;2;242;115;68m▆[38;2;60;36;29;48;2;183;88;54m╾[38;2;145;72;46;48;2;48;32;26m▝[38;2;81;78;76;48;2;215;110;72m▂[38;2;233;219;211;48;2;81;48;37m▆[38;2;249;237;229;48;2;44;37;34m▆[48;2;74;71;69m▆[48;2;219;209;202m╴[38;2;155;147;142;48;2;221;211;204m╺[38;2;158;149;145;48;2;249;237;229m━[38;2;144;104;89;48;2;197;179;170m┗[38;2;239;113;68;48;2;156;116;100m▄[38;2;243;115;69;48;2;236;113;69m╴[38;2;238;113;67;48;2;122;64;44m▉[38;2;201;194;191;48;2;78;50;39m▆[38;2;251;251;251;48;2;34;34;34m▆[38;2;254;254;254;48;2;38;38;38m▆[48;2;209;209;209m▇[48;2;254;254;254m  [48;2;252;252;252m╴[38;2;191;191;191;48;2;234;234;234m╷[38;2;156;156;156;48;2;222;222;222m┌[38;2;163;163;163;48;2;218;218;218m╹[38;2;254;254;254;48;2;240;240;240m╴[48;2;252;252;252m╴[48;2;243;243;243m╶[0m[7m[38;2;245;245;245m▄[38;2;186;186;186m▄[0m [38;2;0;0;0m      [0m
 [38;2;0;0;0m  [7m[38;2;204;204;204m▋[0m[38;2;71;71;71;48;2;205;205;205m▘[48;2;254;254;254m      [38;2;234;234;234;48;2;158;158;158m▉[38;2;90;60;49;48;2;202;113;81m┓[38;2;243;115;69;48;2;242;114;68m╴[48;2;243;115;69m         [38;2;112;55;35;48;2;239;113;68m▝[38;2;43;30;25;48;2;180;87;54m╾[38;2;78;49;38;48;2;230;109;65m▅[38;2;18;145;78;48;2;44;30;25m▆[38;2;19;98;56;48;2;25;129;74m┊[38;2;28;121;71;48;2;211;204;196m▅[38;2;76;129;98;48;2;237;226;218m▄[48;2;249;237;229m    [38;2;249;237;229;48;2;235;222;214m╴[38;2;118;62;42;48;2;192;111;82m╺[38;2;243;115;69;48;2;216;103;62m╴[38;2;238;113;67;48;2;77;46;35m▆[48;2;31;26;24m▆[38;2;233;110;66;48;2;107;89;82m▅[38;2;128;62;37;48;2;213;148;125m━[38;2;115;65;48;48;2;226;226;226m▅[38;2;109;107;107;48;2;230;230;230m▖[38;2;69;69;69;48;2;235;235;235m╴[38;2;254;254;254;48;2;212;212;212m╴[38;2;147;147;147;48;2;230;230;230m─[38;2;250;250;250;48;2;227;227;227m╴[38;2;176;176;176;48;2;229;229;229m▁[38;2;136;136;136;48;2;227;227;227m▗[0m[7m[38;2;204;204;204m▃[38;2;138;138;138m▆[0m[38;2;6;6;6m         [0m
 [38;2;0;0;0m   [7m[38;2;185;185;185m▃[0m[38;2;103;103;103;48;2;228;228;228m╴[38;2;154;154;154;48;2;251;251;251m▁[48;2;254;254;254m     [38;2;254;254;254;48;2;228;228;228m╴[38;2;129;69;48;48;2;208;144;121m▚[38;2;243;115;69;48;2;237;112;67m╴[48;2;243;115;69m         [48;2;189;91;58m▉[38;2;249;236;228;48;2;87;82;79m┃[38;2;23;75;46;48;2;18;146;78m╱[38;2;16;139;75;48;2;16;160;85m▁[38;2;16;153;81;48;2;38;95;56m▊[38;2;39;88;53;48;2;223;213;206m▏[48;2;249;237;229m   [38;2;212;180;167;48;2;247;235;227m▁[38;2;108;58;39;48;2;221;125;90m┛[48;2;243;115;69m  [38;2;117;58;36;48;2;235;111;67m▁[38;2;65;39;30;48;2;227;107;65m╶[38;2;139;71;46;48;2;221;105;63m┉[38;2;236;111;67;48;2;154;76;49m▆[38;2;242;114;68;48;2;169;83;52m▇[38;2;179;174;171;48;2;163;82;53m▝[38;2;161;161;161;48;2;230;229;229m▁[38;2;107;107;107;48;2;220;220;220m┬[0m[7m[38;2;196;196;196m▃[38;2;203;203;203m▄[38;2;208;208;208m▆[0m[38;2;13;13;13m            [0m
 [38;2;0;0;0m    [38;2;139;139;139m▝[7m[38;2;206;206;206m▏[0m[38;2;123;123;123;48;2;215;215;215m▁[38;2;131;131;131;48;2;246;246;246m╾[38;2;177;177;177;48;2;221;221;221m╷[38;2;80;80;80;48;2;242;242;242m▁[38;2;174;174;174;48;2;254;254;254m▁ [38;2;254;254;254;48;2;245;245;245m╴[38;2;240;239;239;48;2;154;103;84m▄[38;2;145;128;122;48;2;209;100;61m▖[38;2;158;75;45;48;2;243;115;69m▁       [38;2;243;115;69;48;2;222;105;63m▉[48;2;132;94;80m▅[38;2;21;86;52;48;2;189;99;60m▝[38;2;108;59;41;48;2;20;146;78m▁[38;2;20;119;64;48;2;17;155;82m╴[38;2;16;163;86;48;2;30;95;57m▆[38;2;24;111;64;48;2;193;185;178m▆[38;2;101;89;61;48;2;236;225;217m▄[38;2;143;83;61;48;2;248;236;228m▄[38;2;197;92;55;48;2;212;162;142m▅[38;2;160;76;45;48;2;235;111;66m╼[38;2;156;77;48;48;2;227;107;64m╸[38;2;224;106;64;48;2;157;75;46m▇[38;2;243;115;69;48;2;238;113;67m╴[48;2;243;115;69m [38;2;223;102;57;48;2;241;114;68m╶[38;2;166;79;47;48;2;233;110;65m╺[38;2;158;75;44;48;2;230;109;65m╸[38;2;224;106;64;48;2;138;74;51m┙[0m[38;2;230;230;230m▌[0m [38;2;0;0;0m               [0m
 [38;2;0;0;0m     [0m [7m[38;2;181;181;181m▅[38;2;198;198;198m▄[38;2;206;206;206m▂[38;2;212;212;212m▂[0m[38;2;131;131;131;48;2;210;210;210m▃[38;2;142;142;142;48;2;202;202;202m▃[38;2;105;105;105;48;2;207;207;207m▂[38;2;103;103;103;48;2;205;205;205m▂[48;2;192;192;192m▂[38;2;163;162;162;48;2;90;47;32m▅[38;2;108;67;52;48;2;232;110;65m▆[38;2;55;26;15;48;2;196;92;55m▂[38;2;102;47;27m▂[38;2;137;62;34;48;2;199;94;55m▂[38;2;168;76;43;48;2;205;96;56m┋[38;2;243;115;69;48;2;217;102;60m╴[48;2;226;105;62m╴[38;2;212;98;56;48;2;230;107;63m╵[38;2;243;115;69;48;2;241;113;67m╴[38;2;216;100;57;48;2;230;108;63m╵[38;2;238;112;66;48;2;205;98;59m▇[38;2;243;115;69;48;2;83;92;53m▆[48;2;69;91;53m▆[48;2;141;80;50m▆[48;2;241;114;68m╴[48;2;242;115;69m╴[48;2;243;115;69m  [38;2;192;91;56m▁[38;2;159;76;48m▁[38;2;130;114;108m▂[38;2;212;212;212;48;2;202;99;62m▁[38;2;185;185;185;48;2;193;96;60m▂[0m[7m[38;2;203;135;110m▂[0m[38;2;206;206;206;48;2;95;64;53m━[0m[7m[38;2;184;178;176m▅[0m [38;2;0;0;0m                [0m
 [38;2;0;0;0m           [7m[38;2;130;130;130m▇[38;2;254;254;254m▇▇▇▇[38;2;180;180;180m▅[0m[38;2;232;231;231;48;2;77;61;56m━[38;2;77;54;47;48;2;195;141;121m━[38;2;145;70;43;48;2;204;140;117m━[38;2;206;93;52;48;2;202;142;121m┷[38;2;235;110;65;48;2;208;139;114m╾[38;2;237;113;67;48;2;210;137;110m────[38;2;150;87;65;48;2;214;146;122m╼[0m[7m[38;2;206;126;98m▂▂[38;2;206;142;119m▂[38;2;195;139;119m▃▃[0m[38;2;204;190;185m┛[38;2;152;125;115m╹[7m[38;2;185;170;165m▅[38;2;200;200;200m▆[38;2;165;165;165m▆[38;2;181;181;181m▇[0m [38;2;0;0;0m                    [0m
